-6.246293640136718750e+01
-5.026023483276367188e+01
-4.780109405517578125e+01
-5.847703552246093750e+01
-5.191873550415039062e+01
-5.301332473754882812e+01
-5.375502014160156250e+01
-5.310694503784179688e+01
-5.619563293457031250e+01
-5.202570343017578125e+01
-5.187133407592773438e+01
-5.420290374755859375e+01
-5.025986862182617188e+01
-5.316973495483398438e+01
-4.893971633911132812e+01
-5.151710128784179688e+01
-5.102781677246093750e+01
-5.288071441650390625e+01
-5.057759857177734375e+01
-4.579749679565429688e+01
-4.567321395874023438e+01
-4.956547546386718750e+01
-4.797706985473632812e+01
-4.675875091552734375e+01
-4.642721176147460938e+01
-4.869499969482421875e+01
-4.225075531005859375e+01
-5.067342758178710938e+01
-4.849596786499023438e+01
-4.588310241699218750e+01
-4.185986709594726562e+01
-4.109053039550781250e+01
-5.046056747436523438e+01
-4.030492019653320312e+01
-4.321213531494140625e+01
-4.298241806030273438e+01
-4.087406158447265625e+01
-4.242697143554687500e+01
-4.565415573120117188e+01
-4.390156173706054688e+01
-4.166046524047851562e+01
-3.635163497924804688e+01
-3.837096405029296875e+01
-4.516597747802734375e+01
-4.647023010253906250e+01
-3.749157714843750000e+01
-4.084342193603515625e+01
-4.184128570556640625e+01
-3.796540832519531250e+01
-3.646306610107421875e+01
-3.802655792236328125e+01
-4.235918426513671875e+01
-3.692321395874023438e+01
-3.923244476318359375e+01
-3.645982360839843750e+01
-3.858483123779296875e+01
-3.820329666137695312e+01
-3.308955764770507812e+01
-3.049206733703613281e+01
-3.585833358764648438e+01
-3.135875892639160156e+01
-3.406729125976562500e+01
-3.228180313110351562e+01
-3.543083572387695312e+01
-3.364399719238281250e+01
-3.338103103637695312e+01
-3.246557617187500000e+01
-3.129510688781738281e+01
-3.711973571777343750e+01
-2.927386283874511719e+01
-3.263705444335937500e+01
-2.817726325988769531e+01
-2.868269729614257812e+01
-2.812590980529785156e+01
-2.794676208496093750e+01
-2.722486305236816406e+01
-2.822332954406738281e+01
-3.050040435791015625e+01
-2.975068283081054688e+01
-3.121355438232421875e+01
-2.957456207275390625e+01
-2.933867835998535156e+01
-2.948913002014160156e+01
-2.830944252014160156e+01
-2.563901138305664062e+01
-2.382708168029785156e+01
-2.533842468261718750e+01
-2.168601036071777344e+01
-2.334794235229492188e+01
-2.577479553222656250e+01
-2.572063446044921875e+01
-2.420065879821777344e+01
-2.352194404602050781e+01
-2.285240936279296875e+01
-2.022442817687988281e+01
-2.273929023742675781e+01
-2.279854011535644531e+01
-2.169412612915039062e+01
-2.130349159240722656e+01
-2.375185775756835938e+01
-1.831153106689453125e+01
-2.020635414123535156e+01
-2.114716720581054688e+01
-2.105454635620117188e+01
-1.943424034118652344e+01
-1.946009445190429688e+01
-2.028365135192871094e+01
-2.000983047485351562e+01
-1.948996162414550781e+01
-1.953012466430664062e+01
-1.869526863098144531e+01
-1.957116127014160156e+01
-2.030089950561523438e+01
-2.023668670654296875e+01
-1.770141792297363281e+01
-1.747785186767578125e+01
-1.928250885009765625e+01
-1.832492065429687500e+01
-2.076019096374511719e+01
-1.798725318908691406e+01
-1.922984313964843750e+01
-1.910459518432617188e+01
-1.942095947265625000e+01
-1.960048675537109375e+01
-1.663437080383300781e+01
-1.531632328033447266e+01
-1.853227424621582031e+01
-1.685874176025390625e+01
-1.492635345458984375e+01
-1.499051856994628906e+01
-1.667924118041992188e+01
-1.417147350311279297e+01
-1.487915039062500000e+01
-1.415862083435058594e+01
-1.623377227783203125e+01
-1.370665645599365234e+01
-1.578600788116455078e+01
-1.462335777282714844e+01
-1.596259880065917969e+01
-1.486033058166503906e+01
-1.369518566131591797e+01
-1.544658184051513672e+01
-1.406654644012451172e+01
-1.505872344970703125e+01
-1.561865520477294922e+01
-1.347207069396972656e+01
-1.412172222137451172e+01
-1.386380577087402344e+01
-1.556120395660400391e+01
-1.523946571350097656e+01
-1.337010478973388672e+01
-1.427414798736572266e+01
-1.370878982543945312e+01
-1.421244049072265625e+01
-1.462639999389648438e+01
-1.324122333526611328e+01
-1.555467891693115234e+01
-1.359899139404296875e+01
-1.464856243133544922e+01
-1.291165161132812500e+01
-1.422885894775390625e+01
-1.480327129364013672e+01
-1.518740272521972656e+01
-1.558021640777587891e+01
-1.489511680603027344e+01
-1.489585113525390625e+01
-1.389660549163818359e+01
-1.238574695587158203e+01
-1.347425937652587891e+01
-1.223112106323242188e+01
-1.372456264495849609e+01
-1.293534088134765625e+01
-1.372114467620849609e+01
-1.216744899749755859e+01
-1.401264762878417969e+01
-1.166084384918212891e+01
-1.337233161926269531e+01
-1.191210556030273438e+01
-1.196910190582275391e+01
-1.117641830444335938e+01
-1.332059860229492188e+01
-1.163766479492187500e+01
-1.177577877044677734e+01
-1.417719650268554688e+01
-1.341164779663085938e+01
-1.384970188140869141e+01
-1.233460330963134766e+01
-1.210714626312255859e+01
-1.164028167724609375e+01
-1.253072834014892578e+01
-1.488736820220947266e+01
-1.301516151428222656e+01
-1.277295398712158203e+01
-1.179472923278808594e+01
-1.253691196441650391e+01
-1.386583614349365234e+01
-1.175503158569335938e+01
-1.233959197998046875e+01
-1.124028778076171875e+01
-1.307925987243652344e+01
-1.100232028961181641e+01
-1.246071815490722656e+01
-1.200295257568359375e+01
-1.237600421905517578e+01
-1.332337856292724609e+01
-1.175807952880859375e+01
-1.392787933349609375e+01
-1.324760341644287109e+01
-1.307552337646484375e+01
-1.176032352447509766e+01
-1.204128170013427734e+01
-1.155655288696289062e+01
-1.027368545532226562e+01
-1.190016555786132812e+01
-1.237720489501953125e+01
-1.122316074371337891e+01
-1.142259788513183594e+01
-1.208063983917236328e+01
-1.068453693389892578e+01
-1.125125217437744141e+01
-1.075361347198486328e+01
-1.106623649597167969e+01
-1.157251071929931641e+01
-1.100969600677490234e+01
-1.165061855316162109e+01
-1.219601821899414062e+01
-1.099797630310058594e+01
-1.184323501586914062e+01
-1.133833503723144531e+01
-1.129209232330322266e+01
-1.047482299804687500e+01
-1.056608390808105469e+01
-1.106972980499267578e+01
-1.115083408355712891e+01
-1.116525840759277344e+01
-1.113528442382812500e+01
-1.065898704528808594e+01
-1.129446697235107422e+01
-1.067026042938232422e+01
-1.133964252471923828e+01
-1.082354831695556641e+01
-1.060471343994140625e+01
-1.162724113464355469e+01
-1.062303733825683594e+01
-1.114382457733154297e+01
-1.147518444061279297e+01
-1.102621078491210938e+01
-1.088015365600585938e+01
-1.093777751922607422e+01
-1.090580368041992188e+01
-1.127002906799316406e+01
-1.196255111694335938e+01
-1.151530361175537109e+01
-1.121153354644775391e+01
-1.115000724792480469e+01
-1.105276870727539062e+01
-1.113347148895263672e+01
-1.110407352447509766e+01
-1.071228981018066406e+01
-1.175414752960205078e+01
-1.190346717834472656e+01
-1.054500961303710938e+01
-1.262625217437744141e+01
-1.341814422607421875e+01
-1.247983741760253906e+01
-1.125528335571289062e+01
-1.266426181793212891e+01
-1.046065139770507812e+01
-1.203156280517578125e+01
-1.104939365386962891e+01
-1.253579616546630859e+01
-1.305499553680419922e+01
-1.211863517761230469e+01
-1.257697486877441406e+01
-1.344367218017578125e+01
-1.362834262847900391e+01
-1.238105201721191406e+01
-1.141306686401367188e+01
-1.145568466186523438e+01
-1.166261386871337891e+01
-1.169451904296875000e+01
-1.162914562225341797e+01
-1.195710659027099609e+01
-1.318544387817382812e+01
-1.227041244506835938e+01
-1.224127483367919922e+01
-1.153609752655029297e+01
-1.247152805328369141e+01
-1.245875358581542969e+01
-1.320361614227294922e+01
-1.196830558776855469e+01
-1.248255157470703125e+01
-1.283411884307861328e+01
-1.279093837738037109e+01
-1.273888206481933594e+01
-1.245738029479980469e+01
-1.106429958343505859e+01
-1.044226169586181641e+01
-1.060006141662597656e+01
-1.192033290863037109e+01
-1.249541473388671875e+01
-1.205319499969482422e+01
-1.125036621093750000e+01
-1.035570812225341797e+01
-1.154643630981445312e+01
-1.050290203094482422e+01
-1.194250488281250000e+01
-1.226613521575927734e+01
-1.099666213989257812e+01
-1.209315204620361328e+01
-1.080761241912841797e+01
-1.168536853790283203e+01
-1.150144672393798828e+01
-1.229766750335693359e+01
-1.126845932006835938e+01
-1.117966842651367188e+01
-1.141923904418945312e+01
-1.163576889038085938e+01
-1.094343948364257812e+01
-1.192707443237304688e+01
-1.169952011108398438e+01
-1.156774044036865234e+01
-1.231521129608154297e+01
-1.121962738037109375e+01
-1.169036102294921875e+01
-1.123310089111328125e+01
-1.198792934417724609e+01
-1.058035659790039062e+01
-1.165890026092529297e+01
-1.201129627227783203e+01
-1.192942714691162109e+01
-1.204843997955322266e+01
-1.109727287292480469e+01
-1.103677082061767578e+01
-1.116711711883544922e+01
-1.127052116394042969e+01
-1.061294174194335938e+01
-1.066110134124755859e+01
-1.148776721954345703e+01
-1.039995098114013672e+01
-1.133905792236328125e+01
-1.153101062774658203e+01
-1.129667854309082031e+01
-1.136805343627929688e+01
-1.165059661865234375e+01
-1.064696693420410156e+01
-1.168474102020263672e+01
-1.163315582275390625e+01
-1.080251216888427734e+01
-1.040826702117919922e+01
-1.131797122955322266e+01
-1.071998882293701172e+01
-1.091456699371337891e+01
-1.081958293914794922e+01
-1.137232875823974609e+01
-1.058054924011230469e+01
-1.031291294097900391e+01
-1.058798313140869141e+01
-1.087262248992919922e+01
-1.067574596405029297e+01
-9.321020126342773438e+00
-1.124837017059326172e+01
-1.092765903472900391e+01
-9.091472625732421875e+00
-1.131878662109375000e+01
-1.159973907470703125e+01
-1.010516548156738281e+01
-1.072029495239257812e+01
-1.129304695129394531e+01
-1.109059715270996094e+01
-1.123999595642089844e+01
-1.198019313812255859e+01
-1.044425582885742188e+01
-1.088596153259277344e+01
-1.046332740783691406e+01
-1.005013751983642578e+01
-1.053594112396240234e+01
-1.094482994079589844e+01
-1.038101577758789062e+01
-1.052285861968994141e+01
-1.060999774932861328e+01
-9.748771667480468750e+00
-1.188262844085693359e+01
-1.073532676696777344e+01
-1.194753170013427734e+01
-1.161321735382080078e+01
-1.146446132659912109e+01
-1.031942844390869141e+01
-1.023422336578369141e+01
-1.013157081604003906e+01
-1.030122661590576172e+01
-1.177927398681640625e+01
-1.159858417510986328e+01
-1.075294208526611328e+01
-1.079619407653808594e+01
-1.022221851348876953e+01
-1.129642868041992188e+01
-1.116260051727294922e+01
-1.183265399932861328e+01
-1.119863033294677734e+01
-1.055523204803466797e+01
-1.102686882019042969e+01
-1.032744503021240234e+01
-1.054161643981933594e+01
-9.758138656616210938e+00
-9.699024200439453125e+00
-1.059609603881835938e+01
-1.042355632781982422e+01
-1.075887107849121094e+01
-1.153374290466308594e+01
-9.985025405883789062e+00
-1.097660255432128906e+01
-1.086903667449951172e+01
-1.040882110595703125e+01
-1.091003036499023438e+01
-1.039295387268066406e+01
-9.810658454895019531e+00
-1.093547344207763672e+01
-1.120330333709716797e+01
-1.036212444305419922e+01
-1.037537479400634766e+01
-1.039518165588378906e+01
-1.020139694213867188e+01
-1.022050857543945312e+01
-1.013923263549804688e+01
-9.605307579040527344e+00
-1.091217041015625000e+01
-1.123949432373046875e+01
-1.008167171478271484e+01
-1.140439987182617188e+01
-1.027258300781250000e+01
-1.053069305419921875e+01
-1.055783557891845703e+01
-1.063963890075683594e+01
-9.020971298217773438e+00
-1.016603374481201172e+01
-9.727723121643066406e+00
-9.602458000183105469e+00
-1.002333927154541016e+01
-1.055470085144042969e+01
-1.002423477172851562e+01
-1.108124065399169922e+01
-1.012002658843994141e+01
-1.023127555847167969e+01
-1.007584953308105469e+01
-1.012802505493164062e+01
-1.040775966644287109e+01
-1.118317031860351562e+01
-1.213057518005371094e+01
-1.030798816680908203e+01
-1.017859745025634766e+01
-1.055713462829589844e+01
-1.198620605468750000e+01
-9.865489959716796875e+00
-1.215936374664306641e+01
-1.193672466278076172e+01
-1.034626674652099609e+01
-1.207846355438232422e+01
-1.262237453460693359e+01
-1.206367683410644531e+01
-1.168412113189697266e+01
-1.226112079620361328e+01
-1.113006877899169922e+01
-1.157878875732421875e+01
-1.164384555816650391e+01
-1.049615192413330078e+01
-1.176467800140380859e+01
-1.042847919464111328e+01
-1.186371994018554688e+01
-1.138492584228515625e+01
-1.116007709503173828e+01
-1.000573635101318359e+01
-1.077149581909179688e+01
-1.119138050079345703e+01
-1.040310096740722656e+01
-1.157554721832275391e+01
-1.028186035156250000e+01
-1.043414878845214844e+01
-1.070682048797607422e+01
-9.935597419738769531e+00
-1.040427398681640625e+01
-9.888337135314941406e+00
-1.041480636596679688e+01
-1.064642810821533203e+01
-1.046472740173339844e+01
-1.090163421630859375e+01
-1.077550697326660156e+01
-1.039658832550048828e+01
-1.198493194580078125e+01
-1.207925033569335938e+01
-1.160711669921875000e+01
-1.113158798217773438e+01
-1.116183567047119141e+01
-1.101831054687500000e+01
-1.115376949310302734e+01
-1.110602188110351562e+01
-1.275598049163818359e+01
-1.072936725616455078e+01
-1.114616489410400391e+01
-1.028248310089111328e+01
